001900010
002700020
003500030
004300040
005100050
007800060
008600070
009400080
010800090
011600100
012400210
013200320
015900430
016700540
017500650
018300760
019100870
020500980
021301110
022101220
024801330
025601440
026401550
027201660
029901770
030201880
032901990
033702000
034502100
035302200
036102300
038802400
039602500
041802600
042602700
043402800
044202900
046902910
047702920
048502930
049302940
050702950
051502960
052302970
053102980
055802990